(kicad_pcb (version 20171130) (host pcbnew "(5.0.0)")

  (general
    (thickness 1.6)
    (drawings 15)
    (tracks 796)
    (zones 0)
    (modules 125)
    (nets 75)
  )

  (page A3)
  (title_block
    (title Treadstone48)
    (date 2019-02-15)
    (rev 1.2)
    (company marksard)
  )

  (layers
    (0 F.Cu signal)
    (31 B.Cu signal)
    (32 B.Adhes user)
    (33 F.Adhes user)
    (34 B.Paste user)
    (35 F.Paste user)
    (36 B.SilkS user)
    (37 F.SilkS user)
    (38 B.Mask user)
    (39 F.Mask user)
    (40 Dwgs.User user)
    (41 Cmts.User user)
    (42 Eco1.User user)
    (43 Eco2.User user)
    (44 Edge.Cuts user)
    (45 Margin user)
    (46 B.CrtYd user)
    (47 F.CrtYd user)
    (48 B.Fab user)
    (49 F.Fab user)
  )

  (setup
    (last_trace_width 0.25)
    (user_trace_width 0.5)
    (trace_clearance 0.2)
    (zone_clearance 0.508)
    (zone_45_only no)
    (trace_min 0.2)
    (segment_width 0.2)
    (edge_width 0.15)
    (via_size 0.6)
    (via_drill 0.4)
    (via_min_size 0.4)
    (via_min_drill 0.3)
    (uvia_size 0.3)
    (uvia_drill 0.1)
    (uvias_allowed no)
    (uvia_min_size 0.2)
    (uvia_min_drill 0.1)
    (pcb_text_width 0.3)
    (pcb_text_size 1.5 1.5)
    (mod_edge_width 0.15)
    (mod_text_size 1 1)
    (mod_text_width 0.15)
    (pad_size 4 4)
    (pad_drill 4)
    (pad_to_mask_clearance 0.2)
    (aux_axis_origin 62.43986 133.879)
    (grid_origin 62.43986 133.879)
    (visible_elements 7FFFFFFF)
    (pcbplotparams
      (layerselection 0x010f0_ffffffff)
      (usegerberextensions true)
      (usegerberattributes false)
      (usegerberadvancedattributes false)
      (creategerberjobfile false)
      (excludeedgelayer true)
      (linewidth 0.100000)
      (plotframeref false)
      (viasonmask true)
      (mode 1)
      (useauxorigin false)
      (hpglpennumber 1)
      (hpglpenspeed 20)
      (hpglpendiameter 15.000000)
      (psnegative false)
      (psa4output false)
      (plotreference true)
      (plotvalue false)
      (plotinvisibletext false)
      (padsonsilk false)
      (subtractmaskfromsilk false)
      (outputformat 1)
      (mirror false)
      (drillshape 0)
      (scaleselection 1)
      (outputdirectory "garber/"))
  )

  (net 0 "")
  (net 1 row0)
  (net 2 "Net-(D1-Pad2)")
  (net 3 "Net-(D2-Pad2)")
  (net 4 row1)
  (net 5 row2)
  (net 6 "Net-(D3-Pad2)")
  (net 7 "Net-(D4-Pad2)")
  (net 8 row3)
  (net 9 "Net-(D5-Pad2)")
  (net 10 "Net-(D6-Pad2)")
  (net 11 "Net-(D7-Pad2)")
  (net 12 "Net-(D8-Pad2)")
  (net 13 "Net-(D9-Pad2)")
  (net 14 "Net-(D10-Pad2)")
  (net 15 "Net-(D11-Pad2)")
  (net 16 "Net-(D12-Pad2)")
  (net 17 "Net-(D13-Pad2)")
  (net 18 "Net-(D14-Pad2)")
  (net 19 "Net-(D15-Pad2)")
  (net 20 "Net-(D16-Pad2)")
  (net 21 "Net-(D17-Pad2)")
  (net 22 "Net-(D18-Pad2)")
  (net 23 "Net-(D19-Pad2)")
  (net 24 "Net-(D20-Pad2)")
  (net 25 VCC)
  (net 26 GND)
  (net 27 data)
  (net 28 SCL)
  (net 29 SDA)
  (net 30 LED)
  (net 31 reset)
  (net 32 col0)
  (net 33 col1)
  (net 34 col2)
  (net 35 col3)
  (net 36 col4)
  (net 37 row4)
  (net 38 row5)
  (net 39 row6)
  (net 40 row7)
  (net 41 col5)
  (net 42 "Net-(D21-Pad2)")
  (net 43 "Net-(D22-Pad2)")
  (net 44 "Net-(D23-Pad2)")
  (net 45 "Net-(D24-Pad2)")
  (net 46 "Net-(D25-Pad2)")
  (net 47 "Net-(D26-Pad2)")
  (net 48 "Net-(D27-Pad2)")
  (net 49 "Net-(D28-Pad2)")
  (net 50 "Net-(D29-Pad2)")
  (net 51 "Net-(D30-Pad2)")
  (net 52 "Net-(D31-Pad2)")
  (net 53 "Net-(D32-Pad2)")
  (net 54 "Net-(D33-Pad2)")
  (net 55 "Net-(D34-Pad2)")
  (net 56 "Net-(D35-Pad2)")
  (net 57 "Net-(D36-Pad2)")
  (net 58 "Net-(D37-Pad2)")
  (net 59 "Net-(D38-Pad2)")
  (net 60 "Net-(D39-Pad2)")
  (net 61 "Net-(D40-Pad2)")
  (net 62 "Net-(D41-Pad2)")
  (net 63 "Net-(D42-Pad2)")
  (net 64 "Net-(D43-Pad2)")
  (net 65 "Net-(D44-Pad2)")
  (net 66 "Net-(D45-Pad2)")
  (net 67 "Net-(D46-Pad2)")
  (net 68 "Net-(D47-Pad2)")
  (net 69 "Net-(D48-Pad2)")
  (net 70 "Net-(J4-Pad1)")
  (net 71 "Net-(J4-Pad2)")
  (net 72 "Net-(J4-Pad3)")
  (net 73 "Net-(J1-PadB)")
  (net 74 "Net-(J1-PadA)")

  (net_class Default "これはデフォルトのネット クラスです。"
    (clearance 0.2)
    (trace_width 0.25)
    (via_dia 0.6)
    (via_drill 0.4)
    (uvia_dia 0.3)
    (uvia_drill 0.1)
    (add_net GND)
    (add_net LED)
    (add_net "Net-(D1-Pad2)")
    (add_net "Net-(D10-Pad2)")
    (add_net "Net-(D11-Pad2)")
    (add_net "Net-(D12-Pad2)")
    (add_net "Net-(D13-Pad2)")
    (add_net "Net-(D14-Pad2)")
    (add_net "Net-(D15-Pad2)")
    (add_net "Net-(D16-Pad2)")
    (add_net "Net-(D17-Pad2)")
    (add_net "Net-(D18-Pad2)")
    (add_net "Net-(D19-Pad2)")
    (add_net "Net-(D2-Pad2)")
    (add_net "Net-(D20-Pad2)")
    (add_net "Net-(D21-Pad2)")
    (add_net "Net-(D22-Pad2)")
    (add_net "Net-(D23-Pad2)")
    (add_net "Net-(D24-Pad2)")
    (add_net "Net-(D25-Pad2)")
    (add_net "Net-(D26-Pad2)")
    (add_net "Net-(D27-Pad2)")
    (add_net "Net-(D28-Pad2)")
    (add_net "Net-(D29-Pad2)")
    (add_net "Net-(D3-Pad2)")
    (add_net "Net-(D30-Pad2)")
    (add_net "Net-(D31-Pad2)")
    (add_net "Net-(D32-Pad2)")
    (add_net "Net-(D33-Pad2)")
    (add_net "Net-(D34-Pad2)")
    (add_net "Net-(D35-Pad2)")
    (add_net "Net-(D36-Pad2)")
    (add_net "Net-(D37-Pad2)")
    (add_net "Net-(D38-Pad2)")
    (add_net "Net-(D39-Pad2)")
    (add_net "Net-(D4-Pad2)")
    (add_net "Net-(D40-Pad2)")
    (add_net "Net-(D41-Pad2)")
    (add_net "Net-(D42-Pad2)")
    (add_net "Net-(D43-Pad2)")
    (add_net "Net-(D44-Pad2)")
    (add_net "Net-(D45-Pad2)")
    (add_net "Net-(D46-Pad2)")
    (add_net "Net-(D47-Pad2)")
    (add_net "Net-(D48-Pad2)")
    (add_net "Net-(D5-Pad2)")
    (add_net "Net-(D6-Pad2)")
    (add_net "Net-(D7-Pad2)")
    (add_net "Net-(D8-Pad2)")
    (add_net "Net-(D9-Pad2)")
    (add_net "Net-(J1-PadA)")
    (add_net "Net-(J1-PadB)")
    (add_net "Net-(J4-Pad1)")
    (add_net "Net-(J4-Pad2)")
    (add_net "Net-(J4-Pad3)")
    (add_net SCL)
    (add_net SDA)
    (add_net VCC)
    (add_net col0)
    (add_net col1)
    (add_net col2)
    (add_net col3)
    (add_net col4)
    (add_net col5)
    (add_net data)
    (add_net reset)
    (add_net row0)
    (add_net row1)
    (add_net row2)
    (add_net row3)
    (add_net row4)
    (add_net row5)
    (add_net row6)
    (add_net row7)
  )

  (module kbd:CherryMX_Hotswap_front (layer F.Cu) (tedit 5C029E2B) (tstamp 5BDA036C)
    (at 71.96462 67.202 270)
    (path /5C09043E)
    (fp_text reference SW1 (at 7.1 8.2 270) (layer F.SilkS) hide
      (effects (font (size 1 1) (thickness 0.15)))
    )
    (fp_text value SW_1Ux2 (at -3.046 1.26976) (layer F.SilkS)
      (effects (font (size 1 1) (thickness 0.15)))
    )
    (fp_line (start -7 7) (end -7 -7) (layer Eco2.User) (width 0.15))
    (fp_line (start 7 7.1) (end -7 7.1) (layer Eco2.User) (width 0.15))
    (fp_line (start 7 -7) (end 7 7) (layer Eco2.User) (width 0.15))
    (fp_line (start -7 -7) (end 7 -7) (layer Eco2.User) (width 0.15))
    (fp_line (start -9 9) (end -9 -9) (layer Eco2.User) (width 0.15))
    (fp_line (start 9 9) (end -9 9) (layer Eco2.User) (width 0.15))
    (fp_line (start 9 -9) (end 9 9) (layer Eco2.User) (width 0.15))
    (fp_line (start -9 -9) (end 9 -9) (layer Eco2.User) (width 0.15))
    (fp_line (start -4.4 -3.9) (end -4.4 -3.2) (layer F.SilkS) (width 0.4))
    (fp_line (start -4.4 -6.4) (end -3 -6.4) (layer F.SilkS) (width 0.4))
    (fp_line (start 5.7 -1.3) (end 3 -1.3) (layer F.SilkS) (width 0.5))
    (fp_arc (start 0.865 -1.23) (end 0.8 -3.4) (angle 84) (layer F.SilkS) (width 1))
    (fp_line (start -4.6 -6.25) (end -4.6 -6.6) (layer F.SilkS) (width 0.15))
    (fp_arc (start 3.9 -4.6) (end 3.8 -6.6) (angle 90) (layer F.SilkS) (width 0.15))
    (fp_arc (start 0.465 -0.83) (end 0.4 -3) (angle 84) (layer F.SilkS) (width 0.15))
    (fp_line (start -4.6 -6.6) (end 3.8 -6.6) (layer F.SilkS) (width 0.15))
    (fp_line (start 0.4 -3) (end -4.6 -3) (layer F.SilkS) (width 0.15))
    (fp_line (start 5.9 -1.1) (end 2.62 -1.1) (layer F.SilkS) (width 0.15))
    (fp_line (start 5.9 -4.7) (end 5.9 -3.7) (layer F.SilkS) (width 0.15))
    (fp_line (start 5.9 -1.1) (end 5.9 -1.46) (layer F.SilkS) (width 0.15))
    (fp_line (start 5.7 -1.46) (end 5.9 -1.46) (layer F.SilkS) (width 0.15))
    (fp_line (start 5.67 -3.7) (end 5.67 -1.46) (layer F.SilkS) (width 0.15))
    (fp_line (start 5.9 -3.7) (end 5.7 -3.7) (layer F.SilkS) (width 0.15))
    (fp_line (start -4.4 -6.25) (end -4.6 -6.25) (layer F.SilkS) (width 0.15))
    (fp_line (start -4.38 -4) (end -4.38 -6.25) (layer F.SilkS) (width 0.15))
    (fp_line (start -4.6 -4) (end -4.4 -4) (layer F.SilkS) (width 0.15))
    (fp_line (start -4.6 -3) (end -4.6 -4) (layer F.SilkS) (width 0.15))
    (fp_line (start -2.6 -4.8) (end 4.1 -4.8) (layer F.SilkS) (width 3.5))
    (fp_line (start -3.9 -6) (end -3.9 -3.5) (layer F.SilkS) (width 1))
    (fp_line (start -4.3 -3.3) (end -2.9 -3.3) (layer F.SilkS) (width 0.5))
    (fp_line (start 4.17 -5.1) (end 4.17 -2.86) (layer F.SilkS) (width 3))
    (fp_line (start 5.3 -1.6) (end 5.3 -3.4) (layer F.SilkS) (width 0.8))
    (fp_line (start 5.8 -3.8) (end 5.8 -4.7) (layer F.SilkS) (width 0.3))
    (pad "" np_thru_hole circle (at -5.08 0 270) (size 1.8 1.8) (drill 1.8) (layers *.Cu *.Mask F.SilkS))
    (pad "" np_thru_hole circle (at 5.08 0 270) (size 1.8 1.8) (drill 1.8) (layers *.Cu *.Mask F.SilkS))
    (pad "" np_thru_hole circle (at 0 0) (size 4 4) (drill 4) (layers *.Cu *.Mask F.SilkS))
    (pad "" np_thru_hole circle (at 3.81 -2.54 90) (size 3 3) (drill 3) (layers *.Cu *.Mask))
    (pad "" np_thru_hole circle (at -2.54 -5.08 90) (size 3 3) (drill 3) (layers *.Cu *.Mask))
    (pad 2 smd rect (at -5.7 -5.12 90) (size 2.3 2) (layers F.Cu F.Paste F.Mask)
      (net 2 "Net-(D1-Pad2)"))
    (pad 1 smd rect (at 7 -2.58 90) (size 2.3 2) (layers F.Cu F.Paste F.Mask)
      (net 32 col0))
  )

  (module kbd:MJ-4PP-9_front (layer F.Cu) (tedit 5C166AF7) (tstamp 5C06F894)
    (at 201.50486 57.67708)
    (path /5B9AC7BB)
    (fp_text reference J1 (at -0.889 6.4135) (layer F.SilkS)
      (effects (font (size 1 1) (thickness 0.15)))
    )
    (fp_text value MJ-4PP-9 (at 0 14) (layer F.Fab) hide
      (effects (font (size 1 1) (thickness 0.15)))
    )
    (fp_line (start -3 0) (end 3 0) (layer F.SilkS) (width 0.15))
    (fp_line (start 3 0) (end 3 12) (layer F.SilkS) (width 0.15))
    (fp_line (start 3 12) (end -3 12) (layer F.SilkS) (width 0.15))
    (fp_line (start -3 12) (end -3 0) (layer F.SilkS) (width 0.15))
    (pad "" np_thru_hole circle (at 0 1.5) (size 1.2 1.2) (drill 1.2) (layers *.Cu *.Mask F.SilkS))
    (pad "" np_thru_hole circle (at 0 8.5) (size 1.2 1.2) (drill 1.2) (layers *.Cu *.Mask F.SilkS))
    (pad B thru_hole oval (at 2.1 3.3) (size 1.7 2.5) (drill oval 1 1.5) (layers *.Cu *.Mask F.SilkS)
      (net 73 "Net-(J1-PadB)"))
    (pad C thru_hole oval (at 2.1 6.3) (size 1.7 2.5) (drill oval 1 1.5) (layers *.Cu *.Mask F.SilkS)
      (net 26 GND))
    (pad D thru_hole oval (at 2.1 10.3) (size 1.7 2.5) (drill oval 1 1.5) (layers *.Cu *.Mask F.SilkS)
      (net 25 VCC) (clearance 0.15))
    (pad A thru_hole oval (at -2.1 11.8) (size 1.7 2.5) (drill oval 1 1.5) (layers *.Cu *.Mask F.SilkS)
      (net 74 "Net-(J1-PadA)") (clearance 0.15))
    (model "../../../../../../Users/pluis/Documents/Magic Briefcase/Documents/KiCad/3d/AB2_TRS_3p5MM_PTH.wrl"
      (at (xyz 0 0 0))
      (scale (xyz 0.42 0.42 0.42))
      (rotate (xyz 0 0 90))
    )
  )

  (module Jumper:SolderJumper-2_P1.3mm_Bridged_Pad1.0x1.5mm (layer F.Cu) (tedit 5B391424) (tstamp 5C06F8AF)
    (at 320.24986 60.854 180)
    (descr "SMD Solder Jumper, 1x1.5mm Pads, 0.3mm gap, bridged with 1 copper strip")
    (tags "solder jumper open")
    (path /5BE8170C)
    (attr virtual)
    (fp_text reference JP1 (at 0 -1.8 180) (layer F.SilkS)
      (effects (font (size 1 1) (thickness 0.15)))
    )
    (fp_text value DataJP (at 0 1.9 180) (layer F.Fab)
      (effects (font (size 1 1) (thickness 0.15)))
    )
    (fp_line (start -1.4 1) (end -1.4 -1) (layer F.SilkS) (width 0.12))
    (fp_line (start 1.4 1) (end -1.4 1) (layer F.SilkS) (width 0.12))
    (fp_line (start 1.4 -1) (end 1.4 1) (layer F.SilkS) (width 0.12))
    (fp_line (start -1.4 -1) (end 1.4 -1) (layer F.SilkS) (width 0.12))
    (fp_line (start -1.65 -1.25) (end 1.65 -1.25) (layer F.CrtYd) (width 0.05))
    (fp_line (start -1.65 -1.25) (end -1.65 1.25) (layer F.CrtYd) (width 0.05))
    (fp_line (start 1.65 1.25) (end 1.65 -1.25) (layer F.CrtYd) (width 0.05))
    (fp_line (start 1.65 1.25) (end -1.65 1.25) (layer F.CrtYd) (width 0.05))
    (pad 1 smd custom (at -0.65 0 180) (size 1 1.5) (layers F.Cu F.Mask)
      (net 27 data)
      (options (clearance outline) (anchor rect))
      (primitives
        (gr_poly (pts
           (xy 0.4 -0.3) (xy 0.9 -0.3) (xy 0.9 0.3) (xy 0.4 0.3)) (width 0))
      ))
    (pad 2 smd rect (at 0.65 0 180) (size 1 1.5) (layers F.Cu F.Mask)
      (net 73 "Net-(J1-PadB)"))
  )

  (module kbd:CherryMX_Hotswap_front (layer F.Cu) (tedit 5BCDA17B) (tstamp 5BDA041C)
    (at 110.065625 67.202 180)
    (path /5B9EE7A9)
    (fp_text reference SW5 (at 7.1 8.2 180) (layer F.SilkS) hide
      (effects (font (size 1 1) (thickness 0.15)))
    )
    (fp_text value SW_PUSH (at -5.3 -8.1 180) (layer F.Fab) hide
      (effects (font (size 1 1) (thickness 0.15)))
    )
    (fp_line (start 5.8 -3.8) (end 5.8 -4.7) (layer F.SilkS) (width 0.3))
    (fp_line (start 5.3 -1.6) (end 5.3 -3.4) (layer F.SilkS) (width 0.8))
    (fp_line (start 4.17 -5.1) (end 4.17 -2.86) (layer F.SilkS) (width 3))
    (fp_line (start -4.3 -3.3) (end -2.9 -3.3) (layer F.SilkS) (width 0.5))
    (fp_line (start -3.9 -6) (end -3.9 -3.5) (layer F.SilkS) (width 1))
    (fp_line (start -2.6 -4.8) (end 4.1 -4.8) (layer F.SilkS) (width 3.5))
    (fp_line (start -4.6 -3) (end -4.6 -4) (layer F.SilkS) (width 0.15))
    (fp_line (start -4.6 -4) (end -4.4 -4) (layer F.SilkS) (width 0.15))
    (fp_line (start -4.38 -4) (end -4.38 -6.25) (layer F.SilkS) (width 0.15))
    (fp_line (start -4.4 -6.25) (end -4.6 -6.25) (layer F.SilkS) (width 0.15))
    (fp_line (start 5.9 -3.7) (end 5.7 -3.7) (layer F.SilkS) (width 0.15))
    (fp_line (start 5.67 -3.7) (end 5.67 -1.46) (layer F.SilkS) (width 0.15))
    (fp_line (start 5.7 -1.46) (end 5.9 -1.46) (layer F.SilkS) (width 0.15))
    (fp_line (start 5.9 -1.1) (end 5.9 -1.46) (layer F.SilkS) (width 0.15))
    (fp_line (start 5.9 -4.7) (end 5.9 -3.7) (layer F.SilkS) (width 0.15))
    (fp_line (start 5.9 -1.1) (end 2.62 -1.1) (layer F.SilkS) (width 0.15))
    (fp_line (start 0.4 -3) (end -4.6 -3) (layer F.SilkS) (width 0.15))
    (fp_line (start -4.6 -6.6) (end 3.8 -6.6) (layer F.SilkS) (width 0.15))
    (fp_arc (start 0.465 -0.83) (end 0.4 -3) (angle 84) (layer F.SilkS) (width 0.15))
    (fp_arc (start 3.9 -4.6) (end 3.8 -6.6) (angle 90) (layer F.SilkS) (width 0.15))
    (fp_line (start -4.6 -6.25) (end -4.6 -6.6) (layer F.SilkS) (width 0.15))
    (fp_arc (start 0.865 -1.23) (end 0.8 -3.4) (angle 84) (layer F.SilkS) (width 1))
    (fp_line (start 5.7 -1.3) (end 3 -1.3) (layer F.SilkS) (width 0.5))
    (fp_line (start -4.4 -6.4) (end -3 -6.4) (layer F.SilkS) (width 0.4))
    (fp_line (start -4.4 -3.9) (end -4.4 -3.2) (layer F.SilkS) (width 0.4))
    (fp_line (start -9 -9) (end 9 -9) (layer Eco2.User) (width 0.15))
    (fp_line (start 9 -9) (end 9 9) (layer Eco2.User) (width 0.15))
    (fp_line (start 9 9) (end -9 9) (layer Eco2.User) (width 0.15))
    (fp_line (start -9 9) (end -9 -9) (layer Eco2.User) (width 0.15))
    (fp_line (start -7 -7) (end 7 -7) (layer Eco2.User) (width 0.15))
    (fp_line (start 7 -7) (end 7 7) (layer Eco2.User) (width 0.15))
    (fp_line (start 7 7.1) (end -7 7.1) (layer Eco2.User) (width 0.15))
    (fp_line (start -7 7) (end -7 -7) (layer Eco2.User) (width 0.15))
    (pad 1 smd rect (at 7 -2.58) (size 2.3 2) (layers F.Cu F.Paste F.Mask)
      (net 33 col1))
    (pad 2 smd rect (at -5.7 -5.12) (size 2.3 2) (layers F.Cu F.Paste F.Mask)
      (net 9 "Net-(D5-Pad2)"))
    (pad "" np_thru_hole circle (at -2.54 -5.08) (size 3 3) (drill 3) (layers *.Cu *.Mask))
    (pad "" np_thru_hole circle (at 3.81 -2.54) (size 3 3) (drill 3) (layers *.Cu *.Mask))
    (pad "" np_thru_hole circle (at 0 0 270) (size 4 4) (drill 4) (layers *.Cu *.Mask F.SilkS))
    (pad "" np_thru_hole circle (at 5.08 0 180) (size 1.8 1.8) (drill 1.8) (layers *.Cu *.Mask F.SilkS))
    (pad "" np_thru_hole circle (at -5.08 0 180) (size 1.8 1.8) (drill 1.8) (layers *.Cu *.Mask F.SilkS))
  )

  (module kbd:CherryMX_2.25u_PCB (layer F.Cu) (tedit 5BCF331E) (tstamp 5BDC94D8)
    (at 322.00217 105.303)
    (descr "Cherry MX keyswitch, MX1A, 2.25u, PCB mount, http://cherryamericas.com/wp-content/uploads/2014/12/mx_cat.pdf")
    (tags "cherry mx keyswitch MX1A 2.25u PCB")
    (fp_text reference REF** (at 0 -7.874) (layer F.SilkS) hide
      (effects (font (size 1 1) (thickness 0.15)))
    )
    (fp_text value SW_Cherry_MX1A_2.25u_PCB (at 0 7.874) (layer F.Fab)
      (effects (font (size 1 1) (thickness 0.15)))
    )
    (fp_line (start -6.985 6.985) (end -6.985 -6.985) (layer F.SilkS) (width 0.12))
    (fp_line (start 6.985 6.985) (end -6.985 6.985) (layer F.SilkS) (width 0.12))
    (fp_line (start 6.985 -6.985) (end 6.985 6.985) (layer F.SilkS) (width 0.12))
    (fp_line (start -6.985 -6.985) (end 6.985 -6.985) (layer F.SilkS) (width 0.12))
    (fp_line (start -21.43125 9.525) (end -21.43125 -9.525) (layer Dwgs.User) (width 0.15))
    (fp_line (start 21.43125 9.525) (end -21.43125 9.525) (layer Dwgs.User) (width 0.15))
    (fp_line (start 21.43125 -9.525) (end 21.43125 9.525) (layer Dwgs.User) (width 0.15))
    (fp_line (start -21.43125 -9.525) (end 21.43125 -9.525) (layer Dwgs.User) (width 0.15))
    (fp_text user %R (at 0 -7.874) (layer F.Fab)
      (effects (font (size 1 1) (thickness 0.15)))
    )
    (pad "" np_thru_hole circle (at 11.9 -7) (size 3.05 3.05) (drill 3.05) (layers *.Cu *.Mask))
    (pad "" np_thru_hole circle (at -11.9 -7) (size 3.05 3.05) (drill 3.05) (layers *.Cu *.Mask))
    (pad "" np_thru_hole circle (at -11.9 8.24) (size 4 4) (drill 4) (layers *.Cu *.Mask))
    (pad "" np_thru_hole circle (at 11.9 8.24) (size 4 4) (drill 4) (layers *.Cu *.Mask))
    (model ${KISYS3DMOD}/Button_Switch_Keyboard.3dshapes/SW_Cherry_MX1A_2.25u_PCB.wrl
      (at (xyz 0 0 0))
      (scale (xyz 1 1 1))
      (rotate (xyz 0 0 0))
    )
  )

  (module kbd:D3_SMD_front (layer F.Cu) (tedit 5BCF21D2) (tstamp 5C07065D)
    (at 325.49527 125.62376 270)
    (descr "Resitance 3 pas")
    (tags R)
    (path /5BD466F8)
    (autoplace_cost180 10)
    (fp_text reference D48 (at 0.5 0 270) (layer F.SilkS) hide
      (effects (font (size 0.5 0.5) (thickness 0.125)))
    )
    (fp_text value D (at -0.6 0 270) (layer F.SilkS) hide
      (effects (font (size 0.5 0.5) (thickness 0.125)))
    )
    (fp_line (start -2.65 -0.7) (end -2.65 0.7) (layer F.SilkS) (width 0.3))
    (fp_line (start 2.65 0.7) (end -2.65 0.7) (layer F.SilkS) (width 0.3))
    (fp_line (start 2.65 -0.7) (end 2.65 0.7) (layer F.SilkS) (width 0.3))
    (fp_line (start 2.65 -0.7) (end -2.65 -0.7) (layer F.SilkS) (width 0.3))
    (fp_line (start -1 0.4) (end -0.1 0.4) (layer F.SilkS) (width 0.15))
    (fp_line (start -0.9 -0.4) (end -0.9 0.4) (layer F.SilkS) (width 0.15))
    (fp_line (start -0.8 -0.4) (end -0.8 0.4) (layer F.SilkS) (width 0.15))
    (fp_line (start -0.7 -0.4) (end -0.7 0.4) (layer F.SilkS) (width 0.15))
    (fp_line (start -0.6 -0.4) (end -0.6 0.4) (layer F.SilkS) (width 0.15))
    (fp_line (start -0.5 -0.3) (end -0.5 0.4) (layer F.SilkS) (width 0.15))
    (fp_line (start -0.4 -0.4) (end -0.4 0.4) (layer F.SilkS) (width 0.15))
    (fp_line (start -0.3 -0.4) (end -0.3 0.4) (layer F.SilkS) (width 0.15))
    (fp_line (start -0.2 -0.4) (end -0.2 0.4) (layer F.SilkS) (width 0.15))
    (fp_line (start -0.1 -0.4) (end -0.1 0.4) (layer F.SilkS) (width 0.15))
    (fp_line (start -1 -0.4) (end -0.1 -0.4) (layer F.SilkS) (width 0.15))
    (fp_line (start -1 -0.4) (end -1 0.4) (layer F.SilkS) (width 0.15))
    (pad 1 smd rect (at -1.775 0 270) (size 1.3 0.95) (layers F.Cu F.Paste F.Mask)
      (net 40 row7))
    (pad 2 smd rect (at 1.775 0 270) (size 1.3 0.95) (layers F.Cu F.Paste F.Mask)
      (net 69 "Net-(D48-Pad2)"))
    (pad 1 thru_hole rect (at -3.81 0 270) (size 1.524 1.524) (drill 0.8128) (layers *.Cu *.Mask)
      (net 40 row7))
    (pad 2 thru_hole circle (at 3.81 0 270) (size 1.524 1.524) (drill 0.8128) (layers *.Cu *.Mask)
      (net 69 "Net-(D48-Pad2)"))
    (model Diodes_SMD.3dshapes/SMB_Handsoldering.wrl
      (at (xyz 0 0 0))
      (scale (xyz 0.22 0.15 0.15))
      (rotate (xyz 0 0 180))
    )
  )

  (module kbd:CherryMX_Hotswap_front (layer F.Cu) (tedit 5BCDA17B) (tstamp 5BDA0A20)
    (at 269.61335 124.3535 180)
    (path /5BD46696)
    (fp_text reference SW40 (at 7.1 8.2 180) (layer F.SilkS) hide
      (effects (font (size 1 1) (thickness 0.15)))
    )
    (fp_text value SW_PUSH (at -5.3 -8.1 180) (layer F.Fab) hide
      (effects (font (size 1 1) (thickness 0.15)))
    )
    (fp_line (start 5.8 -3.8) (end 5.8 -4.7) (layer F.SilkS) (width 0.3))
    (fp_line (start 5.3 -1.6) (end 5.3 -3.4) (layer F.SilkS) (width 0.8))
    (fp_line (start 4.17 -5.1) (end 4.17 -2.86) (layer F.SilkS) (width 3))
    (fp_line (start -4.3 -3.3) (end -2.9 -3.3) (layer F.SilkS) (width 0.5))
    (fp_line (start -3.9 -6) (end -3.9 -3.5) (layer F.SilkS) (width 1))
    (fp_line (start -2.6 -4.8) (end 4.1 -4.8) (layer F.SilkS) (width 3.5))
    (fp_line (start -4.6 -3) (end -4.6 -4) (layer F.SilkS) (width 0.15))
    (fp_line (start -4.6 -4) (end -4.4 -4) (layer F.SilkS) (width 0.15))
    (fp_line (start -4.38 -4) (end -4.38 -6.25) (layer F.SilkS) (width 0.15))
    (fp_line (start -4.4 -6.25) (end -4.6 -6.25) (layer F.SilkS) (width 0.15))
    (fp_line (start 5.9 -3.7) (end 5.7 -3.7) (layer F.SilkS) (width 0.15))
    (fp_line (start 5.67 -3.7) (end 5.67 -1.46) (layer F.SilkS) (width 0.15))
    (fp_line (start 5.7 -1.46) (end 5.9 -1.46) (layer F.SilkS) (width 0.15))
    (fp_line (start 5.9 -1.1) (end 5.9 -1.46) (layer F.SilkS) (width 0.15))
    (fp_line (start 5.9 -4.7) (end 5.9 -3.7) (layer F.SilkS) (width 0.15))
    (fp_line (start 5.9 -1.1) (end 2.62 -1.1) (layer F.SilkS) (width 0.15))
    (fp_line (start 0.4 -3) (end -4.6 -3) (layer F.SilkS) (width 0.15))
    (fp_line (start -4.6 -6.6) (end 3.8 -6.6) (layer F.SilkS) (width 0.15))
    (fp_arc (start 0.465 -0.83) (end 0.4 -3) (angle 84) (layer F.SilkS) (width 0.15))
    (fp_arc (start 3.9 -4.6) (end 3.8 -6.6) (angle 90) (layer F.SilkS) (width 0.15))
    (fp_line (start -4.6 -6.25) (end -4.6 -6.6) (layer F.SilkS) (width 0.15))
    (fp_arc (start 0.865 -1.23) (end 0.8 -3.4) (angle 84) (layer F.SilkS) (width 1))
    (fp_line (start 5.7 -1.3) (end 3 -1.3) (layer F.SilkS) (width 0.5))
    (fp_line (start -4.4 -6.4) (end -3 -6.4) (layer F.SilkS) (width 0.4))
    (fp_line (start -4.4 -3.9) (end -4.4 -3.2) (layer F.SilkS) (width 0.4))
    (fp_line (start -9 -9) (end 9 -9) (layer Eco2.User) (width 0.15))
    (fp_line (start 9 -9) (end 9 9) (layer Eco2.User) (width 0.15))
    (fp_line (start 9 9) (end -9 9) (layer Eco2.User) (width 0.15))
    (fp_line (start -9 9) (end -9 -9) (layer Eco2.User) (width 0.15))
    (fp_line (start -7 -7) (end 7 -7) (layer Eco2.User) (width 0.15))
    (fp_line (start 7 -7) (end 7 7) (layer Eco2.User) (width 0.15))
    (fp_line (start 7 7.1) (end -7 7.1) (layer Eco2.User) (width 0.15))
    (fp_line (start -7 7) (end -7 -7) (layer Eco2.User) (width 0.15))
    (pad 1 smd rect (at 7 -2.58) (size 2.3 2) (layers F.Cu F.Paste F.Mask)
      (net 35 col3))
    (pad 2 smd rect (at -5.7 -5.12) (size 2.3 2) (layers F.Cu F.Paste F.Mask)
      (net 61 "Net-(D40-Pad2)"))
    (pad "" np_thru_hole circle (at -2.54 -5.08) (size 3 3) (drill 3) (layers *.Cu *.Mask))
    (pad "" np_thru_hole circle (at 3.81 -2.54) (size 3 3) (drill 3) (layers *.Cu *.Mask))
    (pad "" np_thru_hole circle (at 0 0 270) (size 4 4) (drill 4) (layers *.Cu *.Mask F.SilkS))
    (pad "" np_thru_hole circle (at 5.08 0 180) (size 1.8 1.8) (drill 1.8) (layers *.Cu *.Mask F.SilkS))
    (pad "" np_thru_hole circle (at -5.08 0 180) (size 1.8 1.8) (drill 1.8) (layers *.Cu *.Mask F.SilkS))
  )

  (module kbd:CherryMX_Hotswap_front (layer F.Cu) (tedit 5BCDA17B) (tstamp 5BDA08C0)
    (at 219.60584 124.3535 180)
    (path /5C0846EA)
    (fp_text reference SW32 (at 7.1 8.2 180) (layer F.SilkS) hide
      (effects (font (size 1 1) (thickness 0.15)))
    )
    (fp_text value SW_PUSH (at -5.3 -8.1 180) (layer F.Fab) hide
      (effects (font (size 1 1) (thickness 0.15)))
    )
    (fp_line (start 5.8 -3.8) (end 5.8 -4.7) (layer F.SilkS) (width 0.3))
    (fp_line (start 5.3 -1.6) (end 5.3 -3.4) (layer F.SilkS) (width 0.8))
    (fp_line (start 4.17 -5.1) (end 4.17 -2.86) (layer F.SilkS) (width 3))
    (fp_line (start -4.3 -3.3) (end -2.9 -3.3) (layer F.SilkS) (width 0.5))
    (fp_line (start -3.9 -6) (end -3.9 -3.5) (layer F.SilkS) (width 1))
    (fp_line (start -2.6 -4.8) (end 4.1 -4.8) (layer F.SilkS) (width 3.5))
    (fp_line (start -4.6 -3) (end -4.6 -4) (layer F.SilkS) (width 0.15))
    (fp_line (start -4.6 -4) (end -4.4 -4) (layer F.SilkS) (width 0.15))
    (fp_line (start -4.38 -4) (end -4.38 -6.25) (layer F.SilkS) (width 0.15))
    (fp_line (start -4.4 -6.25) (end -4.6 -6.25) (layer F.SilkS) (width 0.15))
    (fp_line (start 5.9 -3.7) (end 5.7 -3.7) (layer F.SilkS) (width 0.15))
    (fp_line (start 5.67 -3.7) (end 5.67 -1.46) (layer F.SilkS) (width 0.15))
    (fp_line (start 5.7 -1.46) (end 5.9 -1.46) (layer F.SilkS) (width 0.15))
    (fp_line (start 5.9 -1.1) (end 5.9 -1.46) (layer F.SilkS) (width 0.15))
    (fp_line (start 5.9 -4.7) (end 5.9 -3.7) (layer F.SilkS) (width 0.15))
    (fp_line (start 5.9 -1.1) (end 2.62 -1.1) (layer F.SilkS) (width 0.15))
    (fp_line (start 0.4 -3) (end -4.6 -3) (layer F.SilkS) (width 0.15))
    (fp_line (start -4.6 -6.6) (end 3.8 -6.6) (layer F.SilkS) (width 0.15))
    (fp_arc (start 0.465 -0.83) (end 0.4 -3) (angle 84) (layer F.SilkS) (width 0.15))
    (fp_arc (start 3.9 -4.6) (end 3.8 -6.6) (angle 90) (layer F.SilkS) (width 0.15))
    (fp_line (start -4.6 -6.25) (end -4.6 -6.6) (layer F.SilkS) (width 0.15))
    (fp_arc (start 0.865 -1.23) (end 0.8 -3.4) (angle 84) (layer F.SilkS) (width 1))
    (fp_line (start 5.7 -1.3) (end 3 -1.3) (layer F.SilkS) (width 0.5))
    (fp_line (start -4.4 -6.4) (end -3 -6.4) (layer F.SilkS) (width 0.4))
    (fp_line (start -4.4 -3.9) (end -4.4 -3.2) (layer F.SilkS) (width 0.4))
    (fp_line (start -9 -9) (end 9 -9) (layer Eco2.User) (width 0.15))
    (fp_line (start 9 -9) (end 9 9) (layer Eco2.User) (width 0.15))
    (fp_line (start 9 9) (end -9 9) (layer Eco2.User) (width 0.15))
    (fp_line (start -9 9) (end -9 -9) (layer Eco2.User) (width 0.15))
    (fp_line (start -7 -7) (end 7 -7) (layer Eco2.User) (width 0.15))
    (fp_line (start 7 -7) (end 7 7) (layer Eco2.User) (width 0.15))
    (fp_line (start 7 7.1) (end -7 7.1) (layer Eco2.User) (width 0.15))
    (fp_line (start -7 7) (end -7 -7) (layer Eco2.User) (width 0.15))
    (pad 1 smd rect (at 7 -2.58) (size 2.3 2) (layers F.Cu F.Paste F.Mask)
      (net 33 col1))
    (pad 2 smd rect (at -5.7 -5.12) (size 2.3 2) (layers F.Cu F.Paste F.Mask)
      (net 53 "Net-(D32-Pad2)"))
    (pad "" np_thru_hole circle (at -2.54 -5.08) (size 3 3) (drill 3) (layers *.Cu *.Mask))
    (pad "" np_thru_hole circle (at 3.81 -2.54) (size 3 3) (drill 3) (layers *.Cu *.Mask))
    (pad "" np_thru_hole circle (at 0 0 270) (size 4 4) (drill 4) (layers *.Cu *.Mask F.SilkS))
    (pad "" np_thru_hole circle (at 5.08 0 180) (size 1.8 1.8) (drill 1.8) (layers *.Cu *.Mask F.SilkS))
    (pad "" np_thru_hole circle (at -5.08 0 180) (size 1.8 1.8) (drill 1.8) (layers *.Cu *.Mask F.SilkS))
  )

  (module kbd:CherryMX_Hotswap_front (layer F.Cu) (tedit 5C029E4D) (tstamp 5BDA03F0)
    (at 91.01558 67.20232 270)
    (path /5C05471A)
    (fp_text reference SW4 (at 7.1 8.2 270) (layer F.SilkS) hide
      (effects (font (size 1 1) (thickness 0.15)))
    )
    (fp_text value SW_1Ux2 (at 0.00168 -7.61928 270) (layer F.SilkS)
      (effects (font (size 1 1) (thickness 0.15)))
    )
    (fp_line (start -7 7) (end -7 -7) (layer Eco2.User) (width 0.15))
    (fp_line (start 7 7.1) (end -7 7.1) (layer Eco2.User) (width 0.15))
    (fp_line (start 7 -7) (end 7 7) (layer Eco2.User) (width 0.15))
    (fp_line (start -7 -7) (end 7 -7) (layer Eco2.User) (width 0.15))
    (fp_line (start -9 9) (end -9 -9) (layer Eco2.User) (width 0.15))
    (fp_line (start 9 9) (end -9 9) (layer Eco2.User) (width 0.15))
    (fp_line (start 9 -9) (end 9 9) (layer Eco2.User) (width 0.15))
    (fp_line (start -9 -9) (end 9 -9) (layer Eco2.User) (width 0.15))
    (fp_line (start -4.4 -3.9) (end -4.4 -3.2) (layer F.SilkS) (width 0.4))
    (fp_line (start -4.4 -6.4) (end -3 -6.4) (layer F.SilkS) (width 0.4))
    (fp_line (start 5.7 -1.3) (end 3 -1.3) (layer F.SilkS) (width 0.5))
    (fp_arc (start 0.865 -1.23) (end 0.8 -3.4) (angle 84) (layer F.SilkS) (width 1))
    (fp_line (start -4.6 -6.25) (end -4.6 -6.6) (layer F.SilkS) (width 0.15))
    (fp_arc (start 3.9 -4.6) (end 3.8 -6.6) (angle 90) (layer F.SilkS) (width 0.15))
    (fp_arc (start 0.465 -0.83) (end 0.4 -3) (angle 84) (layer F.SilkS) (width 0.15))
    (fp_line (start -4.6 -6.6) (end 3.8 -6.6) (layer F.SilkS) (width 0.15))
    (fp_line (start 0.4 -3) (end -4.6 -3) (layer F.SilkS) (width 0.15))
    (fp_line (start 5.9 -1.1) (end 2.62 -1.1) (layer F.SilkS) (width 0.15))
    (fp_line (start 5.9 -4.7) (end 5.9 -3.7) (layer F.SilkS) (width 0.15))
    (fp_line (start 5.9 -1.1) (end 5.9 -1.46) (layer F.SilkS) (width 0.15))
    (fp_line (start 5.7 -1.46) (end 5.9 -1.46) (layer F.SilkS) (width 0.15))
    (fp_line (start 5.67 -3.7) (end 5.67 -1.46) (layer F.SilkS) (width 0.15))
    (fp_line (start 5.9 -3.7) (end 5.7 -3.7) (layer F.SilkS) (width 0.15))
    (fp_line (start -4.4 -6.25) (end -4.6 -6.25) (layer F.SilkS) (width 0.15))
    (fp_line (start -4.38 -4) (end -4.38 -6.25) (layer F.SilkS) (width 0.15))
    (fp_line (start -4.6 -4) (end -4.4 -4) (layer F.SilkS) (width 0.15))
    (fp_line (start -4.6 -3) (end -4.6 -4) (layer F.SilkS) (width 0.15))
    (fp_line (start -2.6 -4.8) (end 4.1 -4.8) (layer F.SilkS) (width 3.5))
    (fp_line (start -3.9 -6) (end -3.9 -3.5) (layer F.SilkS) (width 1))
    (fp_line (start -4.3 -3.3) (end -2.9 -3.3) (layer F.SilkS) (width 0.5))
    (fp_line (start 4.17 -5.1) (end 4.17 -2.86) (layer F.SilkS) (width 3))
    (fp_line (start 5.3 -1.6) (end 5.3 -3.4) (layer F.SilkS) (width 0.8))
    (fp_line (start 5.8 -3.8) (end 5.8 -4.7) (layer F.SilkS) (width 0.3))
    (pad "" np_thru_hole circle (at -5.08 0 270) (size 1.8 1.8) (drill 1.8) (layers *.Cu *.Mask F.SilkS))
    (pad "" np_thru_hole circle (at 5.08 0 270) (size 1.8 1.8) (drill 1.8) (layers *.Cu *.Mask F.SilkS))
    (pad "" np_thru_hole circle (at 0 0) (size 4 4) (drill 4) (layers *.Cu *.Mask F.SilkS))
    (pad "" np_thru_hole circle (at 3.81 -2.54 90) (size 3 3) (drill 3) (layers *.Cu *.Mask))
    (pad "" np_thru_hole circle (at -2.54 -5.08 90) (size 3 3) (drill 3) (layers *.Cu *.Mask))
    (pad 2 smd rect (at -5.7 -5.12 90) (size 2.3 2) (layers F.Cu F.Paste F.Mask)
      (net 7 "Net-(D4-Pad2)"))
    (pad 1 smd rect (at 7 -2.58 90) (size 2.3 2) (layers F.Cu F.Paste F.Mask)
      (net 32 col0))
  )

  (module kbd:LEGO_HOLE (layer F.Cu) (tedit 5AF9C94E) (tstamp 5BD32EDB)
    (at 245.80073 114.82852)
    (descr "Mounting Hole 2.2mm, no annular, M2")
    (tags "mounting hole 2.2mm no annular m2")
    (attr virtual)
    (fp_text reference "" (at 0 -3.2) (layer F.SilkS)
      (effects (font (size 1 1) (thickness 0.15)))
    )
    (fp_text value "" (at 0 3.2) (layer F.Fab)
      (effects (font (size 1 1) (thickness 0.15)))
    )
    (fp_circle (center 0 0) (end 2.45 0) (layer F.CrtYd) (width 0.05))
    (fp_circle (center 0 0) (end 2.2 0) (layer Cmts.User) (width 0.15))
    (fp_text user %R (at 0.3 0) (layer F.Fab)
      (effects (font (size 1 1) (thickness 0.15)))
    )
    (pad "" thru_hole circle (at 0 0) (size 5 5) (drill 4.8) (layers *.Cu *.Mask))
  )

  (module kbd:CherryMX_Hotswap_front (layer F.Cu) (tedit 5BCDA17B) (tstamp 5BDA0AA4)
    (at 291.045375 105.303 180)
    (path /5BD46650)
    (fp_text reference SW43 (at 7.1 8.2 180) (layer F.SilkS) hide
      (effects (font (size 1 1) (thickness 0.15)))
    )
    (fp_text value SW_PUSH (at -5.3 -8.1 180) (layer F.Fab) hide
      (effects (font (size 1 1) (thickness 0.15)))
    )
    (fp_line (start 5.8 -3.8) (end 5.8 -4.7) (layer F.SilkS) (width 0.3))
    (fp_line (start 5.3 -1.6) (end 5.3 -3.4) (layer F.SilkS) (width 0.8))
    (fp_line (start 4.17 -5.1) (end 4.17 -2.86) (layer F.SilkS) (width 3))
    (fp_line (start -4.3 -3.3) (end -2.9 -3.3) (layer F.SilkS) (width 0.5))
    (fp_line (start -3.9 -6) (end -3.9 -3.5) (layer F.SilkS) (width 1))
    (fp_line (start -2.6 -4.8) (end 4.1 -4.8) (layer F.SilkS) (width 3.5))
    (fp_line (start -4.6 -3) (end -4.6 -4) (layer F.SilkS) (width 0.15))
    (fp_line (start -4.6 -4) (end -4.4 -4) (layer F.SilkS) (width 0.15))
    (fp_line (start -4.38 -4) (end -4.38 -6.25) (layer F.SilkS) (width 0.15))
    (fp_line (start -4.4 -6.25) (end -4.6 -6.25) (layer F.SilkS) (width 0.15))
    (fp_line (start 5.9 -3.7) (end 5.7 -3.7) (layer F.SilkS) (width 0.15))
    (fp_line (start 5.67 -3.7) (end 5.67 -1.46) (layer F.SilkS) (width 0.15))
    (fp_line (start 5.7 -1.46) (end 5.9 -1.46) (layer F.SilkS) (width 0.15))
    (fp_line (start 5.9 -1.1) (end 5.9 -1.46) (layer F.SilkS) (width 0.15))
    (fp_line (start 5.9 -4.7) (end 5.9 -3.7) (layer F.SilkS) (width 0.15))
    (fp_line (start 5.9 -1.1) (end 2.62 -1.1) (layer F.SilkS) (width 0.15))
    (fp_line (start 0.4 -3) (end -4.6 -3) (layer F.SilkS) (width 0.15))
    (fp_line (start -4.6 -6.6) (end 3.8 -6.6) (layer F.SilkS) (width 0.15))
    (fp_arc (start 0.465 -0.83) (end 0.4 -3) (angle 84) (layer F.SilkS) (width 0.15))
    (fp_arc (start 3.9 -4.6) (end 3.8 -6.6) (angle 90) (layer F.SilkS) (width 0.15))
    (fp_line (start -4.6 -6.25) (end -4.6 -6.6) (layer F.SilkS) (width 0.15))
    (fp_arc (start 0.865 -1.23) (end 0.8 -3.4) (angle 84) (layer F.SilkS) (width 1))
    (fp_line (start 5.7 -1.3) (end 3 -1.3) (layer F.SilkS) (width 0.5))
    (fp_line (start -4.4 -6.4) (end -3 -6.4) (layer F.SilkS) (width 0.4))
    (fp_line (start -4.4 -3.9) (end -4.4 -3.2) (layer F.SilkS) (width 0.4))
    (fp_line (start -9 -9) (end 9 -9) (layer Eco2.User) (width 0.15))
    (fp_line (start 9 -9) (end 9 9) (layer Eco2.User) (width 0.15))
    (fp_line (start 9 9) (end -9 9) (layer Eco2.User) (width 0.15))
    (fp_line (start -9 9) (end -9 -9) (layer Eco2.User) (width 0.15))
    (fp_line (start -7 -7) (end 7 -7) (layer Eco2.User) (width 0.15))
    (fp_line (start 7 -7) (end 7 7) (layer Eco2.User) (width 0.15))
    (fp_line (start 7 7.1) (end -7 7.1) (layer Eco2.User) (width 0.15))
    (fp_line (start -7 7) (end -7 -7) (layer Eco2.User) (width 0.15))
    (pad 1 smd rect (at 7 -2.58) (size 2.3 2) (layers F.Cu F.Paste F.Mask)
      (net 36 col4))
    (pad 2 smd rect (at -5.7 -5.12) (size 2.3 2) (layers F.Cu F.Paste F.Mask)
      (net 64 "Net-(D43-Pad2)"))
    (pad "" np_thru_hole circle (at -2.54 -5.08) (size 3 3) (drill 3) (layers *.Cu *.Mask))
    (pad "" np_thru_hole circle (at 3.81 -2.54) (size 3 3) (drill 3) (layers *.Cu *.Mask))
    (pad "" np_thru_hole circle (at 0 0 270) (size 4 4) (drill 4) (layers *.Cu *.Mask F.SilkS))
    (pad "" np_thru_hole circle (at 5.08 0 180) (size 1.8 1.8) (drill 1.8) (layers *.Cu *.Mask F.SilkS))
    (pad "" np_thru_hole circle (at -5.08 0 180) (size 1.8 1.8) (drill 1.8) (layers *.Cu *.Mask F.SilkS))
  )

  (module kbd:CherryMX_Hotswap_front (layer F.Cu) (tedit 5BCDA17B) (tstamp 5BCF2650)
    (at 252.944375 105.303 180)
    (path /5BD4662F)
    (fp_text reference SW35 (at 7.1 8.2 180) (layer F.SilkS) hide
      (effects (font (size 1 1) (thickness 0.15)))
    )
    (fp_text value SW_PUSH (at -5.3 -8.1 180) (layer F.Fab) hide
      (effects (font (size 1 1) (thickness 0.15)))
    )
    (fp_line (start 5.8 -3.8) (end 5.8 -4.7) (layer F.SilkS) (width 0.3))
    (fp_line (start 5.3 -1.6) (end 5.3 -3.4) (layer F.SilkS) (width 0.8))
    (fp_line (start 4.17 -5.1) (end 4.17 -2.86) (layer F.SilkS) (width 3))
    (fp_line (start -4.3 -3.3) (end -2.9 -3.3) (layer F.SilkS) (width 0.5))
    (fp_line (start -3.9 -6) (end -3.9 -3.5) (layer F.SilkS) (width 1))
    (fp_line (start -2.6 -4.8) (end 4.1 -4.8) (layer F.SilkS) (width 3.5))
    (fp_line (start -4.6 -3) (end -4.6 -4) (layer F.SilkS) (width 0.15))
    (fp_line (start -4.6 -4) (end -4.4 -4) (layer F.SilkS) (width 0.15))
    (fp_line (start -4.38 -4) (end -4.38 -6.25) (layer F.SilkS) (width 0.15))
    (fp_line (start -4.4 -6.25) (end -4.6 -6.25) (layer F.SilkS) (width 0.15))
    (fp_line (start 5.9 -3.7) (end 5.7 -3.7) (layer F.SilkS) (width 0.15))
    (fp_line (start 5.67 -3.7) (end 5.67 -1.46) (layer F.SilkS) (width 0.15))
    (fp_line (start 5.7 -1.46) (end 5.9 -1.46) (layer F.SilkS) (width 0.15))
    (fp_line (start 5.9 -1.1) (end 5.9 -1.46) (layer F.SilkS) (width 0.15))
    (fp_line (start 5.9 -4.7) (end 5.9 -3.7) (layer F.SilkS) (width 0.15))
    (fp_line (start 5.9 -1.1) (end 2.62 -1.1) (layer F.SilkS) (width 0.15))
    (fp_line (start 0.4 -3) (end -4.6 -3) (layer F.SilkS) (width 0.15))
    (fp_line (start -4.6 -6.6) (end 3.8 -6.6) (layer F.SilkS) (width 0.15))
    (fp_arc (start 0.465 -0.83) (end 0.4 -3) (angle 84) (layer F.SilkS) (width 0.15))
    (fp_arc (start 3.9 -4.6) (end 3.8 -6.6) (angle 90) (layer F.SilkS) (width 0.15))
    (fp_line (start -4.6 -6.25) (end -4.6 -6.6) (layer F.SilkS) (width 0.15))
    (fp_arc (start 0.865 -1.23) (end 0.8 -3.4) (angle 84) (layer F.SilkS) (width 1))
    (fp_line (start 5.7 -1.3) (end 3 -1.3) (layer F.SilkS) (width 0.5))
    (fp_line (start -4.4 -6.4) (end -3 -6.4) (layer F.SilkS) (width 0.4))
    (fp_line (start -4.4 -3.9) (end -4.4 -3.2) (layer F.SilkS) (width 0.4))
    (fp_line (start -9 -9) (end 9 -9) (layer Eco2.User) (width 0.15))
    (fp_line (start 9 -9) (end 9 9) (layer Eco2.User) (width 0.15))
    (fp_line (start 9 9) (end -9 9) (layer Eco2.User) (width 0.15))
    (fp_line (start -9 9) (end -9 -9) (layer Eco2.User) (width 0.15))
    (fp_line (start -7 -7) (end 7 -7) (layer Eco2.User) (width 0.15))
    (fp_line (start 7 -7) (end 7 7) (layer Eco2.User) (width 0.15))
    (fp_line (start 7 7.1) (end -7 7.1) (layer Eco2.User) (width 0.15))
    (fp_line (start -7 7) (end -7 -7) (layer Eco2.User) (width 0.15))
    (pad 1 smd rect (at 7 -2.58) (size 2.3 2) (layers F.Cu F.Paste F.Mask)
      (net 34 col2))
    (pad 2 smd rect (at -5.7 -5.12) (size 2.3 2) (layers F.Cu F.Paste F.Mask)
      (net 56 "Net-(D35-Pad2)"))
    (pad "" np_thru_hole circle (at -2.54 -5.08) (size 3 3) (drill 3) (layers *.Cu *.Mask))
    (pad "" np_thru_hole circle (at 3.81 -2.54) (size 3 3) (drill 3) (layers *.Cu *.Mask))
    (pad "" np_thru_hole circle (at 0 0 270) (size 4 4) (drill 4) (layers *.Cu *.Mask F.SilkS))
    (pad "" np_thru_hole circle (at 5.08 0 180) (size 1.8 1.8) (drill 1.8) (layers *.Cu *.Mask F.SilkS))
    (pad "" np_thru_hole circle (at -5.08 0 180) (size 1.8 1.8) (drill 1.8) (layers *.Cu *.Mask F.SilkS))
  )

  (module kbd:CherryMX_Hotswap_front (layer F.Cu) (tedit 5BCDA17B) (tstamp 5BCFA711)
    (at 314.858495 67.202 180)
    (path /5BD466BE)
    (fp_text reference SW45 (at 7.1 8.2 180) (layer F.SilkS) hide
      (effects (font (size 1 1) (thickness 0.15)))
    )
    (fp_text value SW_PUSH (at -5.3 -8.1 180) (layer F.Fab) hide
      (effects (font (size 1 1) (thickness 0.15)))
    )
    (fp_line (start -7 7) (end -7 -7) (layer Eco2.User) (width 0.15))
    (fp_line (start 7 7.1) (end -7 7.1) (layer Eco2.User) (width 0.15))
    (fp_line (start 7 -7) (end 7 7) (layer Eco2.User) (width 0.15))
    (fp_line (start -7 -7) (end 7 -7) (layer Eco2.User) (width 0.15))
    (fp_line (start -9 9) (end -9 -9) (layer Eco2.User) (width 0.15))
    (fp_line (start 9 9) (end -9 9) (layer Eco2.User) (width 0.15))
    (fp_line (start 9 -9) (end 9 9) (layer Eco2.User) (width 0.15))
